0.5983150103801215 0.8967585674445144 0.1038800121848758 0.020887361678067463 0.98328125
0.4039039885956809 0.800090876375325 0.10222566360561178 0.005804793703620817 0.98284375
0.33514376653405636 0.7747443703627214 0.10806686071995318 0.007501676852109995 0.9806875
0.30787807645258725 0.7494100015276345 0.1121045280742037 0.007022418513546654 0.97884375
0.26969381806947057 0.6832172496269923 0.11246304426922142 0.013844852766398618 0.976875
0.2566628887884435 0.6354234155458398 0.1151633238771683 0.017521703199769034 0.9765625
0.26486207596893657 0.6105934424912557 0.11457740871343594 0.014770925135553625 0.97590625
0.23443105462635866 0.5597727484283969 0.11692554620747979 0.013035269514304674 0.973875
0.23455867155920715 0.539255279943347 0.11529043068402825 0.023639220653549273 0.9734375
0.23892873921606225 0.5193540839774069 0.11027451189515705 0.02531658086429161 0.9745
